20 23

0 Oradea
1 Zerind
2 Arad
3 Timisoara
4 Lugoj
5 Mehadia
6 Drobeta
7 Sibiu
8 RimnicuVilcea
9 Craiova
10 Fagaras
11 Pitesti
12 Bucharest
13 Giurgiu
14 Neamt
15 Iasi
16 Vaslui
17 Urziceni
18 Hirsova
19 Eforie

0 1 71
0 7 151
1 2 75
2 3 118
2 7 140
3 4 111
4 5 70
5 6 75
6 9 120
7 8 80
7 10 99
8 9 146
8 11 97
9 11 138
10 12 211
11 12 101
12 13 90
12 17 85
17 18 98
17 16 142
18 19 86
16 15 92
14 15 87


0 389
1 374
2 366
3 329
4 244
5 241
6 242
7 253
8 193
9 160
10 176
11 100
12 0
13 77
14 234
15 226
16 199
17 80
18 151
19 161

